100
-1 -1 -1 -1 -1 7 -1 -1 -1 -1 -1 -1 -1 -1 -1 -1 -1 -1 -1 -1 -1 -1 -1 9355 -1 -1 7008 -1 -1 8857 -1 2115 -1 -1 -1 -1 -1 -1 -1 4973 -1 -1 -1 -1 -1 -1 -1 -1 -1 3465 -1 -1 -1 -1 -1 -1 -1 -1 -1 -1 -1 -1 -1 -1 -1 -1 -1 -1 2503 -1 1401 -1 9119 -1 -1 -1 -1 -1 1159 -1 -1 -1 -1 -1 5649 -1 -1 -1 -1 -1 8116 -1 -1 -1 -1 -1 5463 -1 -1 1258
-1 -1 -1 8916 -1 -1 -1 -1 -1 -1 6083 -1 6361 -1 2844 -1 -1 -1 -1 -1 -1 -1 -1 -1 9485 -1 -1 -1 -1 -1 -1 -1 7078 -1 -1 -1 -1 -1 -1 -1 -1 -1 -1 -1 -1 9549 6970 -1 -1 -1 -1 4414 -1 -1 -1 -1 -1 -1 4804 -1 -1 -1 -1 -1 -1 4372 -1 -1 -1 -1 6644 -1 -1 -1 -1 -1 3563 2616 -1 -1 -1 -1 -1 -1 5172 -1 3892 -1 -1 3344 4018 -1 -1 -1 -1 -1 -1 -1 -1 -1
-1 -1 -1 -1 9219 -1 -1 -1 2334 -1 4128 506 -1 -1 -1 9386 -1 -1 4746 -1 -1 1512 -1 4363 -1 70 -1 -1 -1 -1 4996 -1 -1 -1 6213 -1 -1 8797 -1 -1 -1 -1 -1 -1 7281 -1 -1 -1 -1 -1 -1 -1 -1 -1 -1 -1 -1 -1 -1 -1 -1 3751 -1 -1 -1 -1 -1 -1 -1 -1 -1 -1 -1 7782 -1 -1 -1 -1 -1 1581 -1 -1 -1 -1 -1 -1 -1 -1 4913 8928 -1 -1 344 -1 -1 -1 2488 -1 -1 -1
-1 -1 -1 -1 2932 -1 -1 -1 -1 -1 -1 6709 -1 -1 -1 -1 -1 -1 7809 -1 -1 -1 -1 -1 -1 -1 -1 -1 -1 -1 -1 -1 -1 -1 -1 -1 -1 5666 -1 -1 -1 -1 -1 -1 -1 -1 -1 809 -1 -1 -1 -1 -1 -1 -1 -1 -1 -1 2443 -1 -1 -1 -1 -1 -1 -1 -1 5944 -1 6665 -1 -1 -1 -1 -1 -1 -1 -1 -1 -1 -1 -1 -1 -1 -1 3214 -1 -1 -1 -1 -1 -1 -1 -1 -1 -1 2031 7242 -1 -1
8869 -1 -1 6445 -1 -1 3243 -1 -1 -1 -1 7243 1369 -1 -1 -1 -1 6829 -1 -1 -1 -1 5999 1078 4591 -1 -1 -1 -1 8881 -1 -1 -1 -1 -1 -1 9592 -1 -1 -1 7879 -1 7804 3645 -1 -1 -1 -1 -1 6436 -1 -1 -1 -1 -1 -1 6347 3549 -1 1237 2812 -1 -1 -1 -1 5106 -1 -1 -1 -1 -1 -1 10 4162 -1 -1 -1 -1 -1 -1 -1 -1 -1 -1 -1 9657 -1 5876 -1 -1 -1 -1 -1 -1 9457 -1 -1 352 -1 -1
-1 -1 -1 3843 -1 -1 5708 -1 -1 -1 2298 -1 -1 -1 -1 -1 -1 -1 8423 -1 -1 -1 3816 -1 -1 201 -1 -1 -1 -1 -1 -1 5216 -1 -1 -1 -1 -1 -1 -1 -1 -1 3319 3691 -1 7378 -1 -1 -1 -1 -1 -1 2090 -1 713 -1 -1 -1 -1 -1 -1 -1 -1 -1 -1 -1 -1 5043 -1 -1 -1 -1 -1 -1 -1 -1 -1 -1 -1 1594 -1 -1 -1 -1 -1 -1 -1 -1 -1 6388 -1 -1 -1 -1 -1 -1 -1 -1 -1 -1
-1 -1 -1 1611 -1 -1 -1 -1 -1 -1 -1 -1 9256 -1 -1 -1 2207 8584 -1 9365 -1 -1 -1 -1 -1 4965 -1 -1 9211 -1 -1 814 -1 -1 -1 -1 5602 -1 7357 -1 -1 -1 -1 -1 -1 -1 -1 -1 9768 -1 -1 -1 -1 5078 -1 -1 -1 -1 -1 -1 -1 -1 4691 1366 -1 5197 591 -1 -1 624 -1 1666 -1 -1 -1 -1 -1 -1 -1 -1 -1 4371 -1 -1 -1 -1 -1 -1 -1 -1 -1 -1 -1 4642 -1 -1 -1 -1 -1 -1
-1 -1 -1 -1 -1 -1 -1 -1 -1 -1 -1 9946 -1 4478 -1 -1 -1 -1 -1 -1 6140 -1 -1 -1 -1 9596 9636 -1 -1 -1 -1 -1 -1 -1 -1 -1 -1 -1 -1 6904 -1 3695 2026 -1 8562 -1 7567 -1 -1 -1 7705 5790 -1 -1 -1 -1 -1 -1 -1 -1 -1 -1 -1 -1 -1 -1 -1 -1 -1 6223 -1 -1 -1 2734 -1 -1 9593 7355 -1 -1 -1 6054 9384 -1 3089 8499 -1 -1 -1 -1 -1 -1 2605 -1 -1 -1 1825 -1 -1 7673
5854 -1 -1 -1 -1 2876 -1 -1 -1 -1 -1 -1 -1 -1 -1 -1 3267 -1 -1 -1 -1 247 -1 2415 -1 -1 -1 2326 -1 -1 -1 -1 -1 -1 -1 -1 -1 -1 -1 6986 -1 6665 8410 7666 -1 5105 -1 -1 -1 1218 -1 -1 -1 -1 -1 -1 -1 -1 -1 -1 -1 -1 -1 -1 -1 -1 -1 265 2321 -1 -1 -1 -1 -1 -1 -1 8144 -1 8411 -1 -1 -1 -1 4556 -1 -1 9385 -1 4283 -1 -1 1638 -1 -1 7116 -1 -1 -1 -1 -1
-1 -1 -1 -1 9347 5255 5947 -1 -1 -1 -1 -1 -1 -1 -1 -1 -1 -1 -1 -1 -1 4651 8155 -1 -1 -1 -1 -1 8224 6521 -1 -1 -1 -1 3743 -1 -1 -1 -1 -1 -1 -1 -1 -1 -1 -1 -1 4238 7429 -1 -1 -1 -1 5905 7026 -1 -1 -1 -1 -1 -1 -1 -1 -1 133 -1 -1 -1 -1 -1 -1 -1 -1 -1 -1 -1 -1 -1 5568 -1 -1 -1 -1 -1 -1 -1 -1 -1 6158 7460 -1 2637 7176 -1 -1 -1 -1 -1 -1 -1
-1 -1 -1 2858 3743 7864 -1 -1 -1 -1 -1 -1 -1 -1 -1 -1 3828 -1 7801 4298 -1 -1 3271 -1 -1 -1 981 -1 6636 -1 -1 -1 3901 4596 3213 -1 1973 -1 -1 -1 -1 -1 1038 -1 -1 -1 3993 9523 -1 -1 4470 -1 -1 -1 -1 -1 242 -1 -1 -1 7127 -1 -1 -1 -1 -1 -1 -1 -1 -1 -1 -1 -1 -1 4218 -1 8698 -1 -1 9787 -1 -1 -1 -1 -1 -1 -1 -1 -1 -1 1209 -1 -1 -1 -1 -1 1654 8807 -1 -1
-1 -1 -1 -1 -1 -1 -1 -1 -1 -1 -1 -1 -1 -1 -1 -1 -1 -1 -1 4931 -1 -1 -1 -1 -1 -1 -1 -1 -1 2439 -1 -1 7795 2556 -1 -1 5176 -1 7973 -1 -1 -1 -1 -1 -1 -1 -1 -1 -1 -1 -1 5723 9623 -1 -1 -1 -1 7072 -1 -1 1291 -1 -1 -1 1748 -1 -1 3805 -1 -1 2912 -1 -1 -1 1200 -1 -1 2649 -1 -1 -1 -1 -1 -1 -1 4858 -1 -1 6524 -1 6833 -1 -1 -1 -1 -1 -1 -1 -1 -1
-1 1116 3722 -1 -1 -1 -1 -1 3142 7493 -1 -1 2259 8623 -1 1666 6707 -1 -1 -1 -1 -1 -1 -1 -1 -1 -1 -1 -1 -1 -1 1193 -1 8745 -1 -1 -1 -1 -1 -1 -1 -1 -1 -1 -1 -1 -1 -1 -1 -1 -1 -1 -1 -1 -1 -1 -1 -1 -1 -1 -1 -1 -1 -1 -1 -1 2470 -1 -1 -1 -1 -1 -1 -1 -1 -1 -1 -1 -1 5760 -1 6227 -1 -1 6664 -1 -1 -1 -1 -1 -1 -1 -1 6312 5543 -1 -1 5019 -1 -1
9975 -1 8903 -1 -1 -1 -1 -1 5008 -1 -1 -1 -1 -1 -1 5235 8454 -1 -1 -1 5693 3084 -1 -1 -1 9190 -1 -1 -1 -1 -1 -1 -1 -1 -1 -1 -1 -1 -1 -1 -1 -1 6008 -1 -1 -1 -1 -1 -1 -1 -1 -1 -1 -1 -1 -1 -1 -1 -1 1305 -1 -1 -1 -1 8042 -1 7318 -1 -1 -1 548 -1 -1 -1 -1 -1 -1 -1 -1 6317 9132 -1 -1 6812 -1 -1 -1 -1 2455 -1 -1 -1 -1 7078 -1 -1 -1 -1 -1 4988
2726 -1 -1 -1 -1 -1 -1 -1 -1 7321 -1 -1 -1 -1 -1 -1 -1 -1 3149 -1 -1 -1 -1 -1 4989 -1 -1 4618 8301 -1 -1 -1 -1 -1 -1 3908 -1 -1 232 4802 7044 2943 9239 -1 -1 -1 -1 -1 537 -1 -1 9587 5745 -1 -1 -1 -1 -1 -1 5062 -1 -1 -1 -1 6944 -1 -1 335 -1 -1 -1 -1 1408 -1 -1 -1 -1 -1 838 -1 6069 -1 -1 -1 9142 -1 -1 -1 -1 -1 -1 -1 -1 357 -1 -1 -1 -1 -1 -1
-1 -1 -1 -1 944 -1 -1 -1 -1 -1 -1 -1 -1 -1 -1 -1 -1 819 8767 6544 -1 -1 -1 -1 -1 2456 -1 -1 -1 9092 -1 -1 -1 -1 7745 -1 -1 -1 -1 -1 -1 -1 -1 -1 -1 3801 -1 -1 -1 9568 -1 -1 -1 -1 -1 -1 -1 -1 -1 -1 -1 -1 -1 -1 -1 -1 -1 5956 -1 -1 -1 -1 -1 -1 -1 -1 -1 -1 -1 -1 -1 -1 -1 -1 -1 -1 -1 5312 -1 -1 -1 -1 -1 -1 -1 8622 -1 1180 -1 -1
209 -1 -1 2548 -1 8937 -1 -1 -1 583 -1 -1 -1 -1 -1 -1 -1 7669 -1 -1 5900 7425 -1 -1 -1 -1 -1 -1 -1 -1 -1 -1 1213 -1 -1 -1 -1 -1 -1 -1 983 5777 -1 -1 -1 -1 9044 -1 -1 -1 -1 -1 -1 -1 -1 773 -1 -1 8143 -1 -1 7463 -1 -1 -1 -1 -1 -1 -1 -1 -1 2967 -1 -1 -1 -1 -1 -1 908 -1 7007 6241 -1 -1 -1 -1 -1 7874 -1 -1 -1 -1 -1 -1 -1 -1 -1 -1 -1 8559
-1 9370 -1 -1 -1 7235 -1 3681 -1 -1 -1 -1 -1 -1 -1 -1 -1 -1 1019 -1 -1 -1 -1 -1 8474 -1 -1 -1 -1 -1 -1 -1 -1 -1 -1 7417 -1 -1 -1 -1 -1 -1 -1 -1 -1 -1 -1 5220 9859 -1 -1 -1 -1 -1 5795 -1 -1 8060 -1 -1 -1 -1 252 7809 -1 -1 -1 -1 -1 -1 4656 2138 -1 4317 -1 -1 705 -1 -1 -1 -1 -1 -1 -1 -1 -1 -1 -1 2354 1831 -1 -1 -1 -1 -1 -1 -1 8410 -1 -1
-1 -1 -1 -1 -1 -1 -1 -1 6577 -1 -1 -1 -1 -1 -1 -1 -1 -1 -1 -1 -1 -1 6901 -1 -1 -1 -1 7035 -1 -1 -1 -1 -1 -1 -1 -1 -1 9013 -1 -1 -1 -1 -1 -1 -1 -1 -1 -1 -1 -1 -1 -1 -1 -1 -1 -1 -1 -1 -1 -1 -1 -1 -1 -1 9110 -1 -1 4746 -1 -1 5470 -1 -1 -1 -1 -1 5284 -1 -1 -1 -1 -1 -1 -1 -1 -1 -1 7680 -1 -1 -1 -1 -1 -1 9968 -1 2258 -1 -1 -1
-1 -1 -1 -1 -1 8476 -1 7336 -1 -1 -1 -1 305 -1 -1 -1 -1 -1 532 9993 9750 -1 -1 -1 -1 5748 -1 -1 -1 -1 -1 -1 -1 -1 -1 -1 -1 -1 7990 -1 -1 -1 -1 -1 -1 -1 7606 5921 -1 -1 -1 -1 -1 -1 -1 -1 -1 -1 -1 -1 -1 -1 500 -1 7288 2891 -1 -1 -1 -1 -1 -1 -1 -1 -1 -1 5748 -1 -1 -1 4201 -1 1514 -1 -1 -1 287 -1 4753 -1 2199 -1 -1 -1 -1 -1 -1 -1 -1 -1
-1 -1 -1 -1 -1 -1 -1 -1 -1 -1 5689 -1 -1 -1 -1 -1 -1 -1 -1 6848 8838 -1 4300 -1 -1 -1 740 -1 -1 5075 -1 -1 -1 -1 -1 -1 -1 -1 6938 -1 5593 -1 -1 -1 -1 -1 -1 -1 3352 -1 -1 -1 -1 1141 6328 -1 8261 1949 -1 -1 -1 -1 -1 4830 -1 -1 -1 -1 -1 -1 -1 -1 5368 -1 -1 -1 7041 -1 -1 -1 -1 -1 -1 -1 -1 -1 -1 -1 -1 -1 1539 -1 -1 -1 -1 -1 -1 7012 -1 6602
-1 -1 -1 -1 -1 -1 -1 -1 -1 -1 7818 688 4711 -1 -1 747 -1 -1 -1 -1 5964 -1 -1 -1 -1 -1 3930 -1 -1 -1 4042 -1 -1 4101 -1 -1 -1 -1 -1 -1 -1 8315 4878 -1 -1 -1 -1 -1 -1 -1 5804 -1 -1 -1 7478 8821 -1 9126 -1 6487 -1 -1 -1 -1 -1 -1 -1 -1 -1 -1 -1 5109 6251 -1 -1 -1 9483 -1 -1 -1 -1 -1 -1 -1 -1 -1 733 7791 -1 -1 -1 -1 -1 -1 -1 -1 -1 -1 -1 -1
-1 -1 4448 3082 3581 -1 -1 7965 -1 -1 -1 -1 -1 -1 2942 -1 -1 -1 -1 7752 -1 -1 -1 -1 95 5531 5752 -1 -1 5043 -1 6033 -1 -1 -1 -1 -1 -1 8366 -1 6088 -1 4614 -1 -1 -1 -1 -1 -1 -1 -1 -1 -1 -1 -1 -1 -1 -1 -1 -1 -1 -1 -1 -1 -1 -1 -1 -1 -1 -1 -1 -1 -1 -1 -1 -1 9203 -1 793 -1 -1 -1 1915 -1 -1 -1 -1 -1 8473 -1 -1 -1 -1 -1 -1 -1 562 -1 -1 -1
-1 -1 -1 -1 -1 -1 -1 5092 -1 -1 692 -1 -1 -1 -1 -1 -1 -1 -1 -1 5771 -1 -1 3642 -1 7886 -1 -1 -1 1114 -1 8685 -1 -1 -1 -1 -1 -1 -1 -1 -1 -1 7237 -1 -1 -1 -1 -1 -1 -1 -1 -1 -1 -1 -1 6139 -1 -1 -1 1842 -1 -1 -1 -1 6830 -1 -1 -1 -1 3552 -1 -1 -1 -1 -1 -1 -1 -1 -1 -1 -1 -1 -1 -1 -1 -1 -1 -1 5653 -1 -1 71 5895 -1 -1 3032 -1 -1 -1 -1
-1 9381 -1 -1 -1 -1 -1 -1 -1 -1 -1 -1 -1 -1 -1 -1 -1 -1 -1 -1 4773 -1 -1 -1 -1 -1 -1 2615 -1 -1 -1 -1 -1 -1 -1 -1 -1 -1 2938 1643 -1 -1 -1 -1 -1 -1 -1 -1 -1 -1 -1 -1 -1 -1 6267 -1 -1 -1 -1 -1 7590 -1 -1 -1 7283 -1 -1 -1 -1 8478 -1 9354 -1 -1 -1 -1 5422 -1 -1 -1 -1 -1 -1 -1 -1 -1 -1 -1 -1 -1 -1 -1 1154 -1 -1 -1 9115 -1 2335 -1
-1 -1 -1 -1 -1 -1 -1 -1 -1 7911 -1 -1 -1 -1 -1 2697 -1 -1 -1 -1 -1 -1 -1 -1 -1 -1 -1 -1 -1 -1 -1 4126 -1 -1 -1 -1 -1 -1 -1 4580 -1 -1 -1 -1 3320 9040 8756 -1 -1 -1 -1 -1 -1 1019 8707 -1 -1 -1 1190 6040 -1 -1 -1 -1 -1 -1 -1 7070 9982 -1 -1 5527 -1 -1 -1 5775 7950 7821 -1 9755 -1 -1 -1 -1 -1 4182 -1 -1 -1 6195 -1 -1 -1 -1 1542 -1 -1 -1 -1 -1
-1 8035 3618 -1 -1 -1 5081 -1 7024 -1 -1 -1 4959 -1 -1 -1 -1 -1 -1 -1 -1 -1 -1 -1 -1 -1 -1 -1 -1 8964 -1 8859 -1 -1 -1 9943 -1 -1 6555 -1 -1 -1 -1 -1 -1 5764 -1 -1 -1 -1 -1 -1 8075 -1 5160 -1 -1 -1 8183 3389 -1 833 -1 -1 -1 -1 -1 -1 -1 -1 9816 -1 -1 -1 -1 -1 -1 -1 -1 -1 6185 -1 -1 7484 4845 -1 -1 -1 -1 -1 -1 -1 3090 -1 -1 -1 -1 -1 8558 -1
-1 3986 -1 -1 -1 -1 -1 8195 -1 333 -1 -1 -1 -1 -1 -1 3235 6633 -1 -1 -1 -1 -1 -1 5175 -1 -1 -1 -1 7577 -1 -1 -1 -1 -1 -1 -1 -1 -1 1507 -1 -1 -1 8356 -1 -1 -1 1162 3130 -1 -1 -1 -1 -1 -1 -1 -1 -1 -1 -1 8967 -1 -1 -1 -1 7258 -1 -1 -1 -1 5043 6072 -1 -1 -1 -1 -1 -1 2125 9969 2010 -1 6849 -1 -1 -1 -1 1896 -1 -1 -1 1274 -1 9771 7757 -1 -1 1114 -1 1867
-1 -1 -1 -1 -1 -1 -1 -1 -1 -1 284 -1 -1 -1 5239 -1 -1 -1 -1 -1 -1 -1 2802 -1 -1 8472 3374 -1 -1 -1 -1 -1 -1 -1 -1 -1 -1 -1 -1 -1 3586 -1 -1 6403 -1 -1 -1 -1 3405 -1 -1 -1 -1 2503 -1 -1 -1 5271 -1 -1 -1 -1 -1 -1 -1 8413 -1 -1 -1 -1 -1 -1 -1 -1 -1 -1 -1 -1 -1 -1 -1 -1 4327 -1 -1 -1 -1 -1 -1 -1 -1 -1 271 9557 -1 -1 -1 -1 -1 -1
-1 -1 -1 -1 -1 -1 3608 824 -1 -1 -1 -1 -1 -1 9963 -1 -1 -1 -1 -1 -1 717 -1 9894 -1 698 842 -1 -1 -1 2931 -1 -1 -1 -1 -1 -1 -1 -1 -1 -1 9249 8529 -1 -1 -1 -1 -1 -1 -1 -1 -1 -1 -1 -1 -1 -1 -1 -1 -1 -1 -1 -1 -1 -1 -1 -1 -1 -1 -1 -1 5738 -1 -1 4909 -1 7837 -1 7805 -1 -1 -1 -1 -1 -1 -1 -1 -1 7271 1300 9204 -1 -1 -1 -1 9075 -1 6498 -1 -1
263 -1 -1 -1 -1 -1 -1 -1 -1 -1 -1 -1 8921 -1 -1 -1 -1 4265 -1 801 -1 -1 -1 -1 -1 -1 -1 -1 -1 -1 7314 -1 -1 -1 -1 -1 2708 1736 -1 -1 -1 -1 -1 -1 -1 -1 -1 -1 1848 -1 -1 -1 2724 9997 -1 -1 -1 -1 -1 4063 -1 -1 -1 -1 -1 -1 -1 -1 -1 -1 -1 -1 -1 -1 5543 -1 -1 -1 -1 -1 -1 -1 -1 -1 -1 -1 -1 -1 -1 7203 -1 -1 -1 -1 -1 4612 -1 -1 4444 -1
-1 -1 -1 -1 -1 -1 3735 -1 -1 -1 5685 9002 4281 -1 -1 -1 -1 -1 3561 -1 4097 -1 -1 -1 -1 -1 8488 2249 -1 -1 -1 -1 -1 -1 8397 -1 5141 -1 -1 -1 5922 -1 -1 4019 -1 -1 -1 -1 -1 -1 -1 -1 4711 -1 -1 -1 -1 -1 -1 -1 -1 -1 -1 -1 5993 -1 -1 -1 7176 -1 -1 -1 2259 -1 -1 -1 -1 -1 3869 1159 -1 -1 254 1247 -1 -1 -1 -1 -1 -1 -1 -1 -1 -1 -1 -1 -1 -1 -1 -1
-1 -1 -1 -1 -1 -1 -1 -1 9946 -1 -1 -1 -1 -1 -1 -1 1451 -1 -1 -1 -1 -1 -1 -1 -1 -1 -1 -1 -1 3766 309 -1 9966 -1 -1 -1 -1 -1 -1 -1 -1 -1 -1 -1 -1 -1 -1 -1 -1 -1 -1 -1 -1 8848 -1 -1 -1 -1 -1 1289 -1 3549 6839 -1 -1 -1 -1 9517 -1 7223 6874 -1 -1 -1 -1 4472 -1 7658 -1 -1 -1 1503 -1 -1 -1 4094 -1 487 1007 -1 -1 -1 -1 -1 -1 -1 -1 -1 -1 -1
-1 -1 -1 -1 -1 -1 -1 8124 -1 -1 -1 -1 76 -1 -1 -1 -1 -1 -1 -1 -1 -1 -1 -1 -1 -1 -1 -1 7457 -1 -1 -1 -1 -1 -1 -1 -1 -1 -1 -1 -1 -1 -1 -1 8394 -1 1249 -1 -1 -1 -1 6852 -1 -1 -1 -1 8607 -1 -1 -1 2650 -1 -1 5214 -1 -1 -1 -1 6291 -1 -1 -1 -1 -1 -1 -1 -1 -1 -1 -1 2256 83 5425 -1 -1 -1 -1 -1 1308 -1 -1 -1 -1 -1 -1 -1 -1 -1 -1 -1
260 -1 -1 -1 -1 -1 -1 -1 -1 -1 -1 -1 -1 -1 -1 -1 -1 -1 -1 -1 -1 -1 -1 8296 -1 -1 -1 -1 -1 -1 -1 -1 9067 -1 -1 6756 -1 -1 -1 -1 -1 -1 7700 -1 -1 -1 6512 -1 -1 -1 -1 -1 -1 3518 6781 2238 -1 4886 -1 -1 -1 7759 -1 -1 2450 -1 2234 5028 5766 -1 -1 -1 -1 57 -1 -1 4518 1307 -1 -1 -1 8152 3074 -1 -1 8453 -1 -1 -1 -1 -1 -1 -1 -1 -1 -1 -1 -1 -1 9368
-1 -1 3002 -1 -1 7093 -1 2711 9790 9139 -1 -1 -1 -1 -1 -1 -1 -1 -1 431 884 1067 -1 -1 -1 -1 4127 -1 -1 -1 -1 -1 -1 -1 -1 -1 -1 -1 -1 -1 -1 -1 -1 6315 3251 -1 -1 -1 249 8 -1 5699 9221 -1 -1 -1 2375 -1 204 -1 -1 -1 239 -1 -1 -1 -1 1548 -1 -1 1300 -1 -1 -1 -1 -1 6194 -1 -1 -1 -1 -1 3559 -1 -1 -1 7190 -1 -1 -1 -1 9088 -1 -1 -1 -1 -1 -1 1765 -1
3322 -1 -1 -1 -1 -1 -1 -1 -1 -1 -1 -1 -1 -1 -1 -1 2726 -1 -1 -1 -1 -1 -1 -1 -1 2158 -1 2083 -1 -1 -1 -1 -1 6700 -1 -1 -1 -1 -1 7939 -1 6174 -1 -1 8079 2388 -1 -1 -1 8728 5077 -1 -1 -1 -1 -1 -1 -1 -1 -1 -1 84 -1 -1 -1 -1 -1 -1 -1 -1 600 -1 -1 -1 -1 -1 2328 -1 -1 9236 -1 -1 -1 -1 -1 -1 -1 -1 6861 -1 -1 2694 -1 -1 -1 -1 -1 -1 -1 -1
-1 -1 -1 7454 -1 -1 -1 -1 3889 967 -1 -1 -1 -1 -1 -1 -1 -1 -1 -1 7809 -1 -1 678 -1 -1 -1 -1 -1 -1 -1 -1 4775 -1 -1 -1 -1 -1 -1 -1 -1 -1 -1 -1 -1 -1 -1 -1 6257 -1 -1 -1 -1 -1 -1 -1 2074 -1 -1 -1 -1 -1 7390 5245 -1 -1 -1 9121 3670 -1 -1 -1 -1 -1 -1 -1 -1 7782 -1 724 -1 -1 -1 -1 -1 -1 -1 6551 -1 -1 -1 9136 -1 -1 -1 -1 -1 -1 -1 -1
-1 -1 -1 579 -1 3211 -1 -1 7847 -1 -1 5701 -1 2347 -1 -1 -1 -1 -1 -1 -1 -1 -1 -1 -1 -1 7419 -1 -1 -1 -1 -1 -1 6073 -1 -1 -1 9751 -1 1566 -1 -1 -1 -1 -1 -1 -1 3961 -1 -1 -1 5923 -1 -1 6484 4934 -1 -1 9770 -1 9261 -1 -1 -1 2806 -1 -1 -1 -1 2374 -1 -1 -1 -1 -1 -1 -1 -1 -1 -1 -1 6065 -1 -1 -1 1416 -1 5669 -1 2814 5548 -1 -1 4874 -1 -1 -1 -1 -1 -1
-1 884 -1 -1 -1 1903 -1 -1 7522 -1 -1 -1 -1 -1 -1 9676 1805 -1 -1 -1 -1 -1 3703 -1 -1 -1 -1 -1 -1 -1 -1 -1 4874 6041 -1 -1 -1 -1 -1 -1 -1 2223 -1 -1 -1 -1 -1 -1 -1 -1 -1 -1 -1 -1 -1 2787 -1 -1 -1 -1 -1 9425 -1 -1 -1 -1 -1 -1 -1 -1 -1 -1 -1 -1 16 -1 -1 7365 -1 -1 3503 -1 -1 -1 -1 -1 -1 -1 -1 -1 991 -1 4082 -1 -1 1941 870 -1 -1 -1
-1 -1 -1 -1 -1 -1 -1 -1 -1 -1 -1 -1 2716 -1 -1 4079 -1 -1 -1 -1 -1 -1 -1 -1 -1 -1 6998 -1 -1 -1 -1 -1 7715 -1 -1 -1 5799 9245 1969 -1 -1 -1 -1 -1 -1 -1 -1 -1 -1 -1 -1 -1 -1 -1 8482 -1 6696 1678 8895 -1 -1 -1 -1 -1 -1 -1 2996 -1 -1 -1 4185 -1 -1 -1 -1 -1 -1 247 -1 -1 -1 -1 -1 -1 -1 -1 -1 -1 2076 8285 -1 -1 -1 -1 -1 -1 -1 -1 -1 -1
-1 -1 -1 -1 -1 -1 3458 -1 -1 -1 -1 -1 -1 -1 5757 -1 759 -1 -1 -1 -1 3764 -1 4633 1401 -1 -1 -1 2511 -1 -1 -1 5516 9547 -1 7609 2188 1545 -1 -1 -1 -1 -1 -1 -1 -1 2189 -1 -1 -1 -1 -1 -1 -1 -1 -1 -1 -1 -1 -1 3755 7005 -1 -1 -1 -1 -1 -1 -1 -1 -1 -1 -1 -1 -1 -1 -1 -1 -1 8218 -1 -1 -1 -1 -1 -1 -1 -1 -1 3773 -1 -1 -1 -1 -1 -1 -1 -1 -1 -1
-1 -1 -1 -1 -1 -1 -1 -1 -1 -1 -1 -1 6113 8250 -1 -1 4750 2318 -1 -1 -1 7654 -1 -1 7282 -1 -1 -1 2130 -1 -1 9392 -1 -1 -1 -1 -1 6847 -1 -1 -1 -1 -1 -1 -1 -1 -1 -1 -1 -1 4692 -1 -1 -1 -1 9611 2324 6682 -1 -1 -1 -1 -1 -1 -1 -1 -1 -1 -1 4437 -1 -1 4444 -1 -1 -1 -1 -1 -1 -1 -1 9521 -1 -1 -1 -1 -1 -1 -1 -1 -1 -1 -1 -1 -1 -1 -1 9781 -1 -1
2264 -1 1863 -1 -1 2784 5994 983 -1 306 -1 -1 -1 -1 -1 -1 2374 -1 -1 -1 -1 -1 5889 -1 304 -1 -1 -1 -1 4282 -1 -1 -1 -1 -1 -1 -1 2864 -1 -1 9758 -1 7455 -1 -1 -1 -1 -1 -1 -1 -1 1199 -1 -1 -1 -1 -1 -1 -1 -1 -1 -1 3325 6070 -1 5436 -1 -1 -1 -1 -1 -1 -1 -1 2310 3366 -1 -1 1455 -1 -1 -1 -1 -1 -1 -1 -1 -1 -1 -1 -1 -1 -1 8919 7537 4611 -1 8979 9832 -1
-1 -1 -1 -1 1206 3802 -1 -1 -1 2422 -1 8043 -1 -1 3506 -1 -1 8480 -1 3494 -1 -1 -1 -1 -1 -1 -1 -1 -1 -1 -1 -1 -1 -1 -1 -1 -1 -1 -1 -1 -1 3260 -1 -1 -1 7390 -1 -1 7419 -1 -1 -1 -1 -1 3284 -1 9838 -1 -1 -1 -1 -1 954 2302 -1 -1 -1 -1 -1 -1 -1 7675 -1 -1 2932 -1 1139 -1 -1 -1 -1 -1 -1 -1 -1 -1 -1 4378 7001 -1 -1 -1 -1 -1 -1 -1 -1 -1 -1 3528
-1 -1 9786 -1 8633 -1 -1 -1 -1 1726 -1 626 -1 -1 -1 -1 -1 -1 3191 -1 -1 -1 -1 6903 -1 -1 -1 -1 -1 -1 940 -1 -1 -1 -1 -1 -1 -1 -1 -1 -1 -1 -1 -1 2995 -1 -1 -1 7636 -1 7597 -1 -1 -1 8469 6902 -1 -1 2792 -1 3698 -1 -1 -1 -1 -1 -1 3405 7015 -1 -1 3996 -1 8460 -1 -1 -1 -1 -1 -1 6160 -1 8773 -1 -1 9756 -1 3490 613 -1 -1 -1 -1 2059 -1 -1 -1 -1 -1 -1
7229 -1 1773 -1 -1 -1 -1 570 -1 9181 5316 -1 -1 6236 -1 -1 -1 -1 -1 4114 8527 -1 -1 -1 -1 -1 -1 4576 -1 -1 -1 9395 -1 -1 -1 -1 -1 -1 5252 -1 -1 -1 -1 -1 2810 6586 1501 -1 -1 8975 1177 7954 -1 -1 -1 -1 -1 -1 -1 1007 4835 -1 -1 6918 -1 -1 -1 -1 6933 -1 4877 -1 -1 -1 -1 -1 3734 -1 -1 -1 -1 -1 -1 -1 -1 -1 -1 -1 -1 -1 -1 -1 -1 -1 -1 -1 -1 -1 -1 -1
-1 -1 4441 -1 -1 -1 -1 -1 8702 7456 5164 -1 -1 7433 3249 -1 -1 -1 -1 -1 2204 -1 -1 -1 3636 -1 60 -1 -1 -1 -1 -1 -1 -1 -1 -1 -1 -1 620 8503 -1 8079 2823 4861 -1 -1 -1 -1 -1 -1 -1 -1 -1 -1 -1 -1 -1 -1 -1 -1 8194 -1 1674 -1 -1 5038 -1 -1 -1 -1 -1 9427 -1 -1 -1 -1 -1 -1 7539 6807 -1 -1 -1 4512 -1 1973 -1 -1 -1 -1 5457 -1 -1 -1 2845 -1 -1 8424 -1 -1
902 -1 678 2903 8735 -1 -1 -1 7301 -1 4323 -1 -1 -1 -1 -1 -1 -1 4219 -1 -1 9294 -1 -1 -1 8842 -1 3066 -1 -1 8389 -1 -1 -1 -1 -1 3255 -1 -1 -1 -1 -1 -1 -1 9385 -1 -1 -1 -1 6688 -1 -1 3258 -1 -1 8816 -1 -1 -1 -1 -1 -1 -1 -1 -1 -1 -1 -1 9437 -1 -1 6098 -1 -1 -1 -1 -1 -1 -1 -1 9598 -1 7470 -1 -1 4066 -1 6420 -1 7136 7970 -1 4279 -1 -1 -1 -1 -1 -1 -1
5866 5411 -1 -1 -1 -1 3958 -1 -1 -1 -1 -1 -1 -1 -1 -1 -1 -1 1850 -1 3639 -1 1348 -1 -1 -1 -1 -1 8957 -1 -1 3794 2262 -1 6877 -1 -1 3385 -1 -1 -1 9514 -1 2846 -1 -1 -1 5117 -1 -1 -1 -1 -1 -1 -1 3563 -1 -1 -1 -1 -1 5382 -1 -1 -1 -1 -1 -1 -1 -1 -1 -1 -1 -1 -1 -1 -1 9446 -1 -1 -1 -1 -1 -1 -1 -1 2412 -1 3617 -1 -1 -1 -1 -1 -1 -1 -1 8593 -1 -1
-1 -1 -1 -1 -1 -1 -1 -1 2859 -1 -1 -1 -1 1881 -1 6932 -1 -1 5552 -1 -1 -1 7114 -1 -1 923 9591 -1 -1 -1 -1 3650 -1 -1 -1 -1 -1 9208 -1 -1 -1 5964 2714 -1 -1 467 -1 -1 -1 -1 -1 -1 -1 -1 -1 -1 9863 -1 -1 -1 -1 -1 -1 -1 9164 -1 -1 -1 -1 -1 -1 5222 -1 -1 -1 -1 -1 -1 -1 1544 -1 2694 -1 -1 -1 -1 9262 -1 -1 -1 -1 9234 9419 5721 -1 -1 -1 -1 -1 -1
-1 -1 -1 -1 -1 -1 -1 -1 -1 -1 -1 -1 -1 -1 -1 -1 -1 -1 -1 -1 -1 -1 -1 -1 -1 -1 5907 -1 -1 -1 -1 -1 -1 -1 6281 -1 4857 -1 -1 -1 -1 -1 -1 -1 -1 -1 1873 -1 -1 -1 8507 1892 -1 -1 -1 -1 -1 -1 -1 -1 -1 -1 -1 -1 -1 -1 -1 -1 -1 7369 -1 -1 -1 75 -1 -1 -1 -1 -1 -1 -1 -1 -1 484 3348 -1 -1 -1 -1 -1 6148 -1 181 6011 -1 -1 4695 -1 6992 -1
-1 3202 9035 1072 -1 -1 -1 899 -1 -1 -1 7906 -1 -1 -1 -1 -1 -1 215 -1 -1 -1 -1 -1 -1 -1 -1 9826 -1 -1 -1 -1 5330 9784 -1 -1 -1 -1 -1 -1 -1 -1 -1 2259 -1 5410 -1 -1 -1 -1 -1 6587 2620 -1 -1 -1 6663 -1 3031 -1 2504 -1 -1 -1 1886 4431 9270 3277 3388 -1 -1 -1 -1 -1 -1 834 7462 -1 3691 -1 2786 7879 -1 -1 -1 5747 1902 -1 -1 -1 -1 -1 -1 9977 1532 -1 9305 -1 -1 -1
-1 -1 -1 -1 2756 -1 -1 -1 1624 -1 -1 -1 -1 -1 -1 -1 -1 -1 -1 -1 4141 -1 -1 -1 -1 -1 -1 -1 -1 -1 6762 -1 -1 -1 -1 6757 -1 -1 -1 3927 -1 -1 -1 2688 -1 -1 -1 -1 -1 -1 -1 -1 -1 -1 -1 -1 9509 -1 -1 -1 -1 -1 -1 -1 -1 1217 -1 -1 -1 -1 -1 -1 -1 755 -1 -1 8648 5685 -1 -1 -1 -1 -1 -1 7048 -1 -1 -1 -1 -1 -1 -1 -1 -1 3874 -1 -1 -1 -1 -1
-1 4616 -1 -1 -1 -1 -1 2488 -1 -1 8449 -1 -1 -1 -1 -1 -1 -1 8911 -1 -1 -1 -1 -1 -1 -1 7830 -1 6799 1403 -1 -1 -1 -1 9937 -1 -1 4411 -1 -1 -1 -1 -1 -1 -1 -1 -1 -1 -1 -1 -1 -1 -1 -1 -1 -1 -1 -1 -1 7518 -1 -1 -1 -1 -1 7459 -1 -1 -1 -1 -1 -1 -1 -1 2774 7296 -1 -1 -1 -1 -1 -1 -1 -1 -1 -1 -1 -1 -1 7914 -1 -1 -1 -1 -1 6012 -1 -1 -1 -1
-1 -1 8506 -1 -1 5417 -1 -1 -1 -1 -1 -1 -1 -1 -1 -1 -1 -1 3213 -1 -1 -1 -1 7881 -1 7463 -1 -1 -1 -1 -1 7318 -1 1202 -1 -1 -1 -1 -1 -1 6994 -1 -1 -1 -1 -1 -1 -1 -1 2441 9858 -1 -1 -1 -1 -1 -1 -1 -1 -1 -1 -1 -1 -1 -1 2684 -1 -1 -1 -1 -1 -1 -1 -1 1133 -1 9951 -1 -1 -1 -1 -1 6066 -1 -1 -1 -1 -1 -1 -1 -1 -1 -1 3359 -1 1464 -1 762 -1 -1
-1 -1 -1 -1 7490 -1 -1 -1 -1 -1 -1 -1 -1 -1 -1 -1 -1 9401 1457 -1 -1 4035 -1 -1 -1 -1 -1 -1 -1 -1 -1 -1 -1 706 5430 -1 -1 -1 4823 6976 -1 1294 -1 -1 -1 -1 -1 6065 -1 -1 -1 4156 -1 -1 5177 4295 -1 -1 -1 -1 -1 2405 -1 8805 -1 9408 6935 -1 -1 -1 -1 -1 -1 5237 -1 -1 -1 -1 -1 -1 -1 -1 -1 -1 6000 2363 -1 -1 -1 -1 -1 1824 -1 -1 -1 -1 -1 -1 -1 -1
8429 -1 -1 4489 -1 -1 -1 -1 -1 -1 -1 -1 -1 -1 1570 1935 8092 -1 -1 -1 -1 8219 -1 -1 -1 -1 -1 -1 -1 -1 -1 -1 -1 -1 -1 -1 -1 -1 -1 -1 -1 9115 -1 7019 -1 -1 -1 211 -1 -1 -1 -1 -1 -1 -1 -1 -1 -1 -1 -1 -1 -1 -1 -1 -1 -1 -1 5229 8225 8154 6042 5214 -1 -1 8105 -1 -1 5758 -1 -1 -1 -1 -1 -1 -1 -1 -1 -1 6758 -1 -1 -1 -1 -1 -1 4076 -1 -1 5348 -1
-1 -1 5364 2758 4431 -1 6371 6834 -1 8920 -1 7568 186 -1 1543 827 6446 -1 7019 -1 -1 -1 -1 -1 -1 3072 -1 5142 -1 -1 6813 4631 -1 -1 -1 -1 -1 9420 -1 -1 1414 8194 -1 -1 -1 -1 1253 430 -1 -1 -1 -1 -1 -1 -1 -1 3467 -1 -1 -1 -1 -1 -1 -1 -1 -1 -1 -1 -1 -1 -1 -1 -1 2543 -1 2812 -1 -1 -1 -1 -1 -1 -1 -1 -1 6050 6135 -1 -1 -1 -1 -1 -1 -1 -1 -1 -1 -1 2524 -1
-1 -1 -1 -1 -1 -1 -1 -1 1734 4992 -1 7645 3980 -1 8335 -1 -1 -1 3412 -1 -1 -1 92 -1 -1 -1 -1 -1 -1 -1 -1 -1 -1 527 -1 -1 -1 -1 -1 -1 8450 -1 -1 4323 -1 -1 -1 -1 -1 -1 -1 -1 8640 -1 -1 -1 -1 -1 -1 -1 -1 -1 -1 -1 -1 -1 -1 2635 -1 -1 -1 -1 -1 -1 -1 -1 -1 -1 -1 -1 -1 8766 5774 -1 -1 -1 -1 9832 -1 -1 9908 -1 -1 -1 -1 -1 5463 -1 -1 5979
-1 8426 -1 -1 3932 -1 -1 -1 -1 -1 -1 3709 -1 -1 -1 -1 -1 3845 -1 -1 -1 -1 -1 2530 -1 -1 -1 5498 -1 -1 -1 -1 -1 3596 -1 -1 -1 -1 -1 -1 -1 -1 8260 -1 -1 -1 -1 1239 -1 -1 -1 -1 257 -1 -1 -1 6596 -1 -1 -1 -1 -1 -1 -1 -1 -1 8622 -1 -1 -1 -1 -1 -1 -1 -1 -1 -1 7299 -1 -1 -1 -1 -1 -1 3986 -1 -1 -1 -1 -1 -1 7628 -1 4174 -1 -1 -1 -1 -1 -1
-1 -1 -1 -1 -1 -1 -1 -1 1477 475 -1 -1 -1 4197 -1 8904 4861 -1 -1 -1 1877 6282 -1 -1 -1 -1 5472 -1 -1 -1 -1 2712 -1 -1 -1 -1 1601 -1 -1 -1 3462 -1 -1 -1 -1 7359 -1 -1 -1 -1 6610 -1 -1 8648 -1 -1 -1 -1 -1 -1 -1 2834 -1 7258 -1 -1 5237 7082 -1 -1 -1 8703 -1 -1 -1 -1 -1 -1 -1 606 -1 -1 -1 -1 -1 -1 -1 -1 -1 -1 -1 6757 -1 -1 -1 -1 -1 -1 -1 -1
-1 -1 -1 -1 -1 -1 -1 -1 -1 2293 -1 -1 -1 -1 -1 -1 -1 -1 4811 943 -1 -1 8613 -1 -1 -1 -1 -1 -1 -1 -1 8141 -1 4252 -1 7301 2853 -1 -1 -1 1391 -1 6386 -1 -1 -1 -1 8563 -1 -1 1188 -1 -1 -1 -1 3836 -1 -1 -1 9660 -1 -1 -1 -1 -1 7715 -1 -1 -1 -1 9450 2311 -1 4540 -1 9253 -1 -1 -1 -1 8825 -1 -1 -1 -1 -1 -1 -1 -1 7686 -1 -1 -1 -1 -1 -1 -1 4209 -1 -1
-1 -1 4206 -1 -1 -1 -1 2491 -1 -1 -1 -1 -1 9303 -1 -1 5578 -1 -1 -1 -1 -1 -1 -1 -1 -1 -1 -1 -1 5744 -1 -1 -1 -1 5041 -1 -1 -1 -1 -1 -1 -1 7981 -1 -1 1017 -1 -1 -1 -1 -1 -1 -1 3367 -1 -1 -1 -1 -1 -1 -1 -1 -1 -1 -1 -1 -1 5535 -1 -1 6735 -1 -1 -1 -1 -1 -1 -1 -1 2045 -1 -1 -1 -1 -1 -1 -1 -1 -1 -1 -1 -1 -1 -1 -1 -1 -1 -1 -1 -1
-1 2364 -1 -1 -1 -1 -1 -1 -1 4140 -1 -1 -1 -1 -1 -1 -1 -1 -1 7882 -1 -1 1219 -1 4011 -1 -1 -1 6157 -1 -1 -1 -1 -1 1015 1118 -1 -1 -1 426 -1 -1 3805 -1 -1 -1 -1 6198 -1 -1 -1 -1 -1 3996 -1 -1 -1 7540 -1 1628 -1 -1 -1 -1 -1 1611 -1 -1 -1 -1 -1 -1 -1 3090 7622 -1 -1 242 -1 -1 -1 -1 -1 -1 -1 5053 -1 -1 9996 -1 1022 -1 -1 -1 -1 -1 -1 -1 -1 -1
-1 -1 923 -1 351 4370 -1 -1 -1 -1 -1 -1 -1 -1 -1 -1 7963 -1 -1 5043 -1 -1 5742 -1 -1 -1 -1 -1 -1 -1 914 246 -1 3793 -1 -1 -1 -1 514 -1 -1 -1 -1 960 -1 -1 -1 -1 -1 -1 -1 -1 -1 -1 -1 -1 -1 -1 9848 -1 -1 583 -1 -1 -1 -1 3777 2381 -1 -1 -1 -1 -1 -1 4127 -1 -1 -1 -1 5203 -1 -1 -1 -1 3650 8015 961 -1 -1 -1 -1 -1 2206 6162 -1 -1 -1 -1 -1 -1
-1 -1 -1 906 -1 -1 -1 -1 -1 -1 -1 886 -1 -1 7831 -1 -1 -1 -1 8563 -1 -1 6391 -1 7290 -1 4055 -1 -1 -1 8106 -1 -1 7092 -1 9145 -1 -1 -1 -1 -1 -1 -1 -1 -1 -1 -1 4738 -1 7219 183 -1 2352 -1 836 6472 -1 34 -1 -1 9324 -1 -1 -1 -1 -1 -1 7718 -1 1393 -1 -1 -1 -1 -1 -1 -1 -1 -1 -1 3817 993 -1 -1 -1 -1 4386 -1 4960 6845 -1 9786 -1 -1 -1 -1 -1 -1 -1 -1
-1 -1 -1 7251 -1 -1 -1 -1 -1 -1 -1 -1 -1 -1 -1 -1 -1 -1 -1 -1 -1 -1 -1 1381 -1 5853 6091 -1 -1 -1 -1 5513 7172 -1 -1 -1 -1 -1 8366 -1 -1 -1 -1 -1 -1 8746 -1 -1 -1 -1 9266 6706 -1 -1 -1 -1 -1 5248 -1 -1 -1 8848 -1 -1 2025 -1 -1 -1 5779 -1 -1 -1 -1 -1 4981 -1 -1 -1 -1 3248 -1 -1 -1 -1 2315 9603 7757 -1 -1 -1 -1 -1 -1 -1 -1 -1 -1 -1 -1 -1
-1 -1 2519 -1 7789 -1 -1 -1 -1 -1 -1 -1 9921 -1 -1 3912 -1 -1 -1 -1 8791 3336 -1 -1 -1 -1 6042 1134 -1 -1 2679 -1 -1 -1 -1 3669 -1 -1 -1 -1 -1 9136 -1 -1 -1 -1 -1 -1 -1 13 -1 -1 -1 -1 -1 -1 -1 6019 -1 -1 -1 -1 -1 3903 -1 -1 -1 -1 -1 -1 -1 -1 -1 -1 -1 -1 -1 -1 -1 -1 5967 -1 -1 -1 -1 -1 -1 -1 -1 -1 -1 -1 3918 -1 472 -1 -1 6435 -1 -1
-1 -1 -1 -1 -1 -1 -1 -1 -1 6647 -1 -1 -1 -1 -1 -1 -1 -1 -1 7697 -1 -1 -1 -1 -1 -1 -1 -1 -1 -1 -1 -1 -1 -1 -1 -1 -1 2677 5177 -1 -1 -1 -1 -1 -1 5394 -1 6181 -1 -1 -1 9926 2043 -1 -1 -1 -1 -1 1508 -1 -1 9113 -1 3063 -1 -1 6670 -1 -1 -1 3742 -1 -1 -1 -1 -1 -1 -1 2560 -1 2945 -1 -1 -1 5403 -1 -1 -1 -1 8017 9411 -1 7005 -1 -1 -1 -1 3758 -1 -1
-1 -1 -1 -1 -1 -1 -1 -1 1437 7625 -1 -1 -1 -1 -1 -1 -1 5400 -1 -1 -1 -1 -1 -1 -1 -1 4723 -1 -1 -1 -1 -1 2155 -1 -1 -1 -1 3598 -1 -1 -1 -1 -1 -1 -1 -1 -1 -1 -1 -1 -1 -1 -1 -1 -1 -1 -1 -1 8120 1734 -1 -1 -1 -1 667 -1 -1 -1 -1 -1 -1 -1 -1 -1 1068 -1 4623 -1 968 -1 -1 -1 3746 -1 -1 -1 -1 -1 -1 -1 -1 8397 -1 5865 1823 -1 -1 -1 -1 -1
-1 -1 -1 -1 -1 3734 -1 -1 -1 -1 -1 -1 -1 -1 -1 -1 -1 391 -1 -1 -1 -1 -1 -1 -1 -1 -1 5639 -1 -1 -1 -1 -1 -1 -1 -1 7573 -1 -1 -1 -1 -1 -1 -1 -1 -1 -1 -1 8820 5201 -1 -1 -1 991 -1 -1 3955 -1 -1 -1 2130 6533 -1 -1 -1 -1 -1 -1 8048 -1 9555 -1 -1 -1 -1 -1 -1 -1 -1 -1 7854 -1 -1 -1 -1 5983 3659 -1 -1 -1 -1 -1 -1 -1 6359 -1 -1 -1 -1 -1
-1 -1 -1 -1 -1 -1 -1 531 -1 4548 -1 -1 -1 8586 -1 -1 -1 -1 -1 3403 -1 -1 -1 -1 289 -1 -1 676 -1 6038 -1 -1 -1 8480 -1 -1 -1 8727 -1 5112 -1 -1 6212 4028 -1 -1 -1 -1 -1 -1 -1 4896 -1 -1 -1 -1 -1 -1 -1 3272 -1 -1 -1 -1 -1 -1 -1 -1 -1 -1 -1 7780 -1 -1 5735 -1 -1 -1 -1 -1 -1 -1 -1 -1 -1 -1 -1 3495 -1 -1 -1 -1 -1 7329 -1 1315 -1 -1 -1 -1
5306 -1 -1 -1 -1 -1 -1 -1 4950 1636 5265 -1 9627 -1 -1 -1 -1 1881 -1 -1 6938 557 -1 -1 -1 -1 -1 -1 -1 -1 -1 -1 -1 8655 -1 -1 -1 -1 4113 -1 -1 -1 -1 5549 -1 -1 -1 6931 -1 1678 7222 -1 -1 -1 9491 -1 -1 -1 -1 -1 899 -1 -1 -1 -1 -1 421 -1 -1 -1 -1 -1 -1 -1 -1 -1 3191 -1 -1 -1 -1 -1 4013 -1 -1 -1 -1 -1 -1 -1 7838 -1 -1 -1 -1 -1 -1 -1 -1 -1
4417 -1 -1 -1 -1 -1 9722 9669 -1 -1 -1 -1 -1 -1 -1 -1 -1 -1 -1 -1 -1 -1 7776 -1 -1 -1 304 -1 -1 -1 1931 -1 -1 -1 -1 -1 7486 -1 4383 -1 -1 -1 -1 -1 6472 -1 -1 -1 -1 8853 960 -1 -1 -1 -1 -1 -1 -1 -1 -1 -1 -1 -1 -1 -1 -1 -1 -1 -1 -1 -1 -1 -1 -1 -1 -1 -1 -1 -1 5613 -1 -1 7701 -1 -1 -1 -1 -1 -1 1160 -1 2872 -1 -1 -1 -1 -1 -1 -1 -1
-1 9620 437 342 -1 -1 -1 -1 -1 -1 -1 -1 2095 -1 -1 7815 -1 -1 6335 1031 -1 -1 -1 -1 -1 -1 1463 -1 -1 -1 5978 -1 -1 4655 -1 -1 -1 -1 -1 8983 -1 5974 -1 -1 -1 -1 -1 5821 -1 -1 -1 -1 -1 1117 -1 -1 4255 -1 7298 -1 6392 -1 -1 -1 -1 1858 6030 9195 3633 -1 5004 -1 -1 2983 -1 -1 -1 -1 -1 3764 6668 -1 1563 -1 -1 -1 -1 -1 -1 -1 -1 -1 -1 -1 7973 -1 -1 -1 -1 -1
-1 -1 -1 -1 4986 -1 -1 -1 -1 -1 -1 7982 2195 -1 -1 -1 -1 -1 -1 -1 1602 -1 -1 -1 -1 -1 4222 -1 -1 4719 -1 -1 6887 -1 -1 -1 4145 -1 4855 -1 -1 -1 -1 5433 -1 -1 -1 -1 -1 -1 4463 -1 -1 3968 -1 -1 -1 4541 -1 -1 8599 -1 -1 -1 -1 -1 -1 -1 -1 -1 -1 -1 -1 680 -1 -1 8744 -1 -1 -1 -1 8334 1153 -1 -1 7405 -1 -1 -1 -1 -1 -1 -1 -1 -1 -1 -1 -1 -1 -1
-1 -1 -1 -1 -1 -1 -1 479 -1 1955 -1 -1 -1 -1 -1 -1 -1 -1 7657 -1 9787 -1 -1 -1 -1 -1 -1 7886 -1 -1 -1 -1 9517 621 8300 6152 -1 -1 -1 -1 -1 -1 -1 -1 -1 8140 -1 677 -1 -1 -1 -1 -1 -1 -1 -1 -1 6901 -1 -1 -1 -1 -1 -1 -1 -1 -1 9849 -1 7496 -1 3924 -1 320 -1 7608 -1 -1 -1 -1 7063 -1 -1 -1 -1 5617 -1 -1 172 5515 -1 -1 -1 -1 9259 -1 7120 -1 1126 -1
-1 -1 -1 -1 -1 317 2660 3650 5138 -1 -1 9870 6327 -1 -1 -1 -1 5932 -1 6117 -1 6664 -1 2702 -1 5949 -1 -1 -1 -1 1649 -1 -1 -1 -1 -1 -1 3350 -1 -1 6237 -1 -1 -1 -1 -1 -1 1809 -1 -1 -1 -1 -1 -1 -1 -1 3652 -1 197 -1 -1 -1 -1 -1 -1 6764 -1 4157 -1 -1 -1 -1 -1 -1 -1 -1 -1 574 -1 4578 5650 -1 -1 -1 -1 -1 -1 -1 -1 -1 -1 2999 -1 -1 -1 -1 -1 -1 -1 -1
1584 -1 -1 -1 -1 -1 -1 -1 -1 -1 3088 -1 1041 -1 -1 -1 -1 -1 -1 4556 -1 126 -1 -1 4464 -1 -1 -1 -1 4147 -1 -1 -1 -1 -1 -1 -1 -1 9401 -1 -1 -1 7898 -1 688 -1 -1 -1 -1 -1 -1 -1 -1 -1 5214 -1 -1 -1 -1 -1 7294 -1 -1 -1 3637 2523 7361 -1 -1 -1 -1 -1 -1 3486 8785 -1 -1 -1 -1 5549 3266 -1 -1 -1 4402 -1 -1 -1 -1 -1 -1 -1 -1 -1 -1 -1 -1 -1 -1 -1
9285 1199 5366 -1 -1 -1 -1 -1 -1 5173 2945 -1 -1 -1 -1 -1 -1 -1 -1 -1 -1 -1 -1 -1 -1 2011 -1 -1 -1 -1 -1 -1 -1 -1 -1 -1 -1 -1 6221 -1 -1 -1 -1 2325 -1 -1 -1 -1 -1 -1 -1 -1 -1 -1 -1 -1 -1 6901 -1 -1 -1 -1 -1 7262 -1 2243 -1 3028 -1 -1 2198 -1 -1 3008 3881 8501 -1 -1 248 -1 -1 -1 9332 2683 -1 -1 -1 1932 -1 -1 -1 9849 -1 -1 6366 -1 -1 9760 2995 -1
-1 -1 -1 -1 -1 -1 -1 -1 2174 -1 7212 367 -1 -1 -1 -1 6615 5100 -1 -1 -1 -1 -1 -1 -1 -1 -1 -1 -1 -1 903 -1 1519 -1 -1 -1 -1 -1 -1 -1 -1 7586 -1 7388 -1 -1 -1 -1 -1 5233 -1 -1 -1 -1 -1 5750 -1 -1 -1 735 -1 -1 -1 -1 -1 -1 -1 -1 2916 -1 740 -1 -1 -1 -1 7397 4870 -1 -1 -1 -1 -1 -1 8836 -1 -1 -1 -1 -1 -1 8978 -1 -1 -1 9102 6422 -1 8145 -1 1810
-1 4446 -1 -1 -1 -1 -1 -1 -1 1624 -1 -1 2685 -1 -1 -1 -1 3741 -1 -1 -1 8140 -1 -1 -1 -1 -1 -1 -1 -1 -1 6446 -1 -1 -1 -1 -1 -1 -1 -1 -1 6846 -1 -1 -1 -1 451 -1 6143 -1 -1 4575 -1 -1 3434 -1 -1 -1 -1 -1 3761 -1 -1 -1 649 -1 718 -1 3322 -1 -1 -1 -1 1114 -1 7058 9568 -1 -1 -1 5423 -1 8053 -1 -1 -1 8045 -1 -1 -1 -1 6674 -1 -1 -1 -1 -1 -1 -1 -1
-1 690 -1 -1 -1 -1 4547 -1 293 -1 -1 -1 -1 2927 6174 -1 -1 3475 -1 -1 -1 -1 -1 -1 -1 660 -1 -1 -1 -1 8825 -1 6674 -1 -1 -1 -1 1706 -1 -1 -1 -1 1146 3434 -1 -1 -1 -1 -1 6878 6816 -1 -1 -1 5270 -1 -1 -1 -1 -1 -1 -1 -1 -1 -1 1819 -1 -1 -1 -1 -1 -1 6283 7541 -1 -1 -1 -1 -1 -1 -1 9801 -1 4907 2372 -1 9818 3120 -1 6555 -1 -1 -1 -1 -1 -1 -1 -1 -1 -1
-1 -1 -1 -1 -1 -1 -1 -1 -1 4114 5902 -1 -1 3875 4516 -1 -1 -1 8791 -1 -1 -1 -1 -1 -1 -1 -1 7612 -1 -1 6121 -1 -1 7848 -1 -1 9716 -1 2201 -1 -1 -1 -1 -1 -1 -1 -1 -1 -1 196 356 -1 -1 -1 -1 1496 9713 -1 -1 -1 -1 -1 -1 -1 -1 -1 -1 9536 -1 6213 -1 -1 -1 -1 -1 -1 8583 5532 -1 4946 -1 -1 -1 -1 2895 -1 -1 428 -1 -1 8335 9003 -1 -1 -1 5938 -1 7765 -1 -1
-1 -1 -1 -1 -1 -1 -1 -1 -1 -1 -1 -1 -1 -1 -1 3795 7961 -1 -1 -1 -1 -1 -1 8557 -1 3760 -1 -1 4396 7203 327 -1 -1 -1 -1 -1 -1 5537 -1 -1 514 -1 553 -1 -1 -1 -1 -1 -1 -1 -1 -1 -1 -1 2811 -1 -1 1136 -1 3314 9226 -1 -1 -1 -1 7251 6848 -1 -1 -1 -1 -1 177 -1 -1 -1 -1 -1 9927 3332 -1 -1 -1 -1 -1 9250 -1 -1 -1 -1 -1 -1 -1 -1 -1 -1 -1 1657 -1 -1
-1 -1 -1 -1 7262 -1 -1 1107 -1 -1 -1 2306 5065 -1 -1 -1 -1 -1 -1 -1 -1 -1 6688 -1 3948 -1 -1 -1 -1 -1 -1 6464 -1 -1 -1 1167 5925 -1 -1 -1 -1 -1 -1 725 -1 -1 3392 -1 -1 -1 -1 3242 -1 -1 -1 -1 2082 -1 -1 -1 1456 -1 -1 2740 -1 4037 -1 -1 -1 6906 -1 9506 -1 9573 -1 -1 -1 -1 9670 -1 -1 -1 -1 -1 -1 6044 -1 -1 -1 -1 -1 -1 -1 8052 -1 -1 -1 -1 -1 -1
-1 -1 5093 7525 6382 -1 1963 -1 -1 -1 -1 -1 -1 7896 -1 -1 845 -1 -1 -1 5345 -1 -1 -1 -1 -1 -1 1995 -1 -1 -1 -1 -1 -1 -1 -1 -1 -1 -1 -1 -1 -1 -1 -1 627 -1 -1 -1 4808 3792 -1 -1 -1 -1 2481 998 -1 -1 -1 -1 -1 -1 -1 5753 -1 -1 -1 -1 -1 1010 -1 593 -1 -1 -1 -1 -1 -1 -1 -1 -1 -1 -1 -1 -1 7133 -1 -1 6099 -1 -1 8133 -1 1473 -1 -1 6637 -1 -1 -1
-1 -1 -1 6274 4055 -1 -1 -1 -1 -1 1551 -1 -1 -1 9492 -1 -1 2536 -1 -1 -1 -1 -1 5830 -1 -1 -1 -1 -1 -1 34 -1 -1 -1 -1 -1 -1 -1 -1 1265 1637 -1 -1 -1 -1 -1 -1 6891 -1 -1 -1 -1 -1 -1 -1 -1 8375 -1 -1 -1 -1 -1 -1 -1 951 -1 -1 8330 -1 -1 -1 -1 -1 -1 -1 8938 -1 -1 -1 -1 -1 2085 -1 -1 5666 -1 -1 -1 -1 -1 -1 9377 -1 -1 -1 -1 -1 -1 -1 -1
-1 5242 -1 8169 -1 -1 -1 -1 -1 -1 -1 -1 -1 -1 -1 -1 -1 -1 -1 7370 -1 -1 -1 -1 8891 7673 -1 -1 -1 -1 -1 -1 -1 -1 -1 -1 -1 -1 -1 -1 -1 -1 -1 -1 -1 -1 -1 -1 -1 6805 -1 -1 -1 -1 5669 -1 8279 -1 1387 -1 -1 -1 -1 2024 -1 -1 -1 961 981 -1 4638 -1 -1 -1 -1 -1 7517 -1 -1 -1 -1 -1 -1 -1 5846 -1 -1 -1 -1 -1 -1 -1 -1 -1 -1 -1 -1 7578 -1 1225
-1 -1 -1 6735 -1 2263 -1 7552 -1 -1 -1 -1 -1 -1 -1 -1 -1 3359 -1 -1 3732 -1 -1 -1 -1 -1 -1 9087 -1 -1 4822 3659 -1 6978 -1 9304 -1 -1 -1 -1 -1 -1 3223 8215 -1 -1 -1 -1 -1 -1 -1 9725 -1 -1 4861 -1 -1 2888 -1 -1 -1 -1 -1 -1 -1 -1 -1 -1 -1 -1 -1 -1 -1 -1 8319 -1 -1 -1 -1 -1 4157 -1 5672 -1 -1 -1 -1 -1 -1 -1 -1 -1 -1 4541 -1 -1 -1 -1 8688 -1
-1 -1 5526 4110 7147 -1 -1 736 -1 -1 -1 -1 -1 592 -1 -1 -1 -1 1873 -1 -1 -1 -1 -1 -1 -1 -1 -1 -1 -1 -1 -1 -1 -1 -1 -1 -1 -1 -1 -1 4079 -1 3102 2522 -1 -1 1611 685 -1 -1 -1 -1 -1 6558 5962 -1 1127 -1 -1 -1 -1 -1 -1 -1 -1 -1 -1 -1 -1 -1 -1 576 -1 -1 -1 -1 -1 -1 -1 -1 -1 -1 6712 -1 -1 -1 9606 390 -1 -1 -1 -1 6229 6761 -1 -1 -1 -1 7279 -1
5504 -1 4868 -1 9442 -1 -1 -1 2691 -1 6561 -1 -1 -1 -1 -1 -1 -1 -1 -1 -1 -1 -1 -1 -1 -1 -1 -1 521 -1 -1 -1 -1 -1 -1 -1 -1 -1 -1 -1 -1 -1 -1 5149 -1 8491 386 -1 -1 -1 -1 -1 -1 -1 -1 -1 -1 -1 -1 -1 -1 3367 -1 -1 -1 -1 -1 -1 -1 -1 -1 -1 -1 -1 -1 -1 -1 -1 -1 -1 -1 -1 -1 -1 -1 -1 -1 -1 -1 -1 8225 -1 470 -1 -1 6850 -1 -1 3402 -1
-1 -1 -1 8150 -1 -1 -1 7363 -1 -1 -1 -1 -1 -1 -1 -1 -1 -1 -1 -1 -1 -1 -1 -1 -1 -1 -1 5227 -1 -1 -1 4775 -1 -1 1023 -1 -1 -1 -1 4181 -1 -1 -1 -1 -1 -1 -1 -1 -1 -1 -1 -1 -1 -1 -1 -1 1525 229 -1 510 -1 -1 -1 -1 -1 -1 6396 5023 2685 3221 -1 -1 -1 -1 -1 2501 -1 9580 9384 -1 -1 -1 4714 5853 -1 -1 -1 2510 -1 5170 -1 9573 1695 2675 9387 -1 -1 -1 1326 -1
-1 -1 8151 -1 4956 -1 -1 -1 -1 -1 -1 -1 -1 -1 -1 -1 -1 -1 5860 -1 -1 -1 9367 -1 8304 -1 -1 6 -1 7915 -1 -1 -1 -1 -1 -1 3705 -1 2801 -1 -1 -1 749 -1 -1 7742 -1 -1 -1 -1 2826 -1 5195 -1 -1 -1 -1 7322 -1 -1 -1 9020 -1 -1 -1 -1 7721 -1 2479 -1 -1 -1 4407 -1 -1 -1 -1 -1 -1 -1 7421 -1 6345 -1 -1 -1 -1 -1 -1 -1 7868 1786 -1 -1 -1 -1 -1 -1 -1 -1
-1 -1 8163 -1 -1 -1 -1 -1 170 -1 -1 -1 -1 -1 -1 9079 -1 -1 1008 2232 -1 -1 -1 -1 -1 -1 -1 -1 -1 1905 -1 -1 -1 -1 -1 -1 934 -1 -1 -1 -1 -1 -1 -1 -1 -1 -1 -1 -1 -1 -1 -1 -1 -1 -1 -1 -1 -1 -1 -1 -1 -1 -1 -1 -1 -1 -1 8682 -1 1196 -1 -1 -1 223 -1 -1 -1 -1 -1 -1 -1 1149 -1 1384 -1 -1 -1 -1 4630 2347 -1 1214 -1 -1 -1 -1 -1 -1 -1 2544
-1 -1 -1 7861 -1 -1 -1 -1 -1 -1 -1 -1 -1 -1 -1 -1 3835 -1 -1 -1 -1 -1 -1 9821 -1 8002 8883 -1 -1 -1 3923 -1 -1 1061 -1 -1 -1 -1 -1 -1 -1 -1 2638 -1 -1 -1 -1 -1 -1 -1 5851 -1 8445 -1 -1 -1 -1 9051 -1 -1 -1 -1 -1 -1 7209 -1 -1 -1 -1 -1 -1 2475 -1 -1 -1 9814 -1 -1 -1 -1 -1 7082 -1 -1 -1 -1 -1 -1 -1 -1 5199 -1 -1 -1 -1 -1 -1 -1 -1 -1
-1 -1 -1 -1 -1 -1 -1 -1 -1 -1 -1 -1 -1 -1 -1 -1 -1 -1 -1 -1 -1 -1 -1 3690 -1 6689 -1 -1 -1 -1 6935 -1 -1 -1 -1 -1 -1 -1 5738 -1 2916 4472 -1 4862 -1 7762 -1 -1 -1 4368 -1 -1 6678 -1 -1 -1 -1 -1 6150 -1 -1 -1 -1 -1 -1 -1 1962 -1 -1 788 8382 -1 9450 8402 -1 -1 -1 -1 3074 -1 6870 4673 -1 -1 1370 -1 6193 -1 -1 -1 9569 -1 -1 -1 -1 -1 -1 93 6782 -1
-1 -1 -1 -1 6028 -1 -1 4082 -1 3878 -1 -1 -1 1542 -1 -1 -1 1315 1578 -1 -1 6387 -1 -1 8571 6686 -1 -1 533 -1 -1 -1 5483 -1 -1 -1 8968 -1 -1 3041 7045 -1 -1 6040 4730 -1 -1 -1 -1 -1 -1 7837 -1 9851 -1 9129 -1 7977 -1 -1 4508 -1 -1 -1 -1 -1 6540 -1 -1 -1 -1 -1 7790 6963 4540 837 -1 4681 -1 -1 -1 -1 -1 2724 -1 7452 -1 -1 5097 -1 -1 -1 -1 -1 -1 -1 6688 -1 4617 1827
-1 -1 -1 -1 -1 -1 -1 -1 -1 -1 -1 -1 -1 -1 -1 -1 -1 -1 -1 -1 -1 -1 -1 -1 -1 -1 -1 -1 4193 -1 -1 2920 -1 -1 -1 -1 -1 7163 7192 -1 -1 -1 6003 -1 -1 3475 -1 -1 -1 -1 -1 8987 -1 -1 6863 1399 -1 5526 770 -1 -1 -1 -1 -1 -1 -1 -1 4298 6608 -1 -1 -1 -1 -1 -1 -1 -1 5114 -1 -1 -1 -1 -1 -1 -1 6193 -1 -1 -1 6195 -1 -1 -1 3907 1459 -1 -1 -1 -1 6881
