20
-1 2468 -1 -1 -1 -1 -1 -1 7729 -1 -1 -1 -1 -1 -1 -1 -1 -1 -1 -1
-1 -1 -1 -1 -1 -1 9590 -1 -1 -1 -1 -1 -1 -1 -1 -1 -1 -1 -1 -1
-1 5071 -1 -1 -1 7374 -1 -1 -1 -1 8544 -1 -1 -1 -1 -1 -1 -1 -1 9258
-1 -1 -1 -1 -1 5266 -1 -1 4791 -1 117 -1 4421 -1 -1 1420 -1 -1 -1 -1
434 -1 -1 6670 -1 2165 -1 -1 -1 -1 -1 -1 -1 1381 -1 -1 4415 -1 4161 -1
-1 -1 -1 -1 -1 -1 -1 -1 6176 -1 -1 -1 6780 -1 -1 -1 3901 -1 -1 4357
-1 -1 -1 -1 -1 -1 -1 -1 -1 -1 -1 135 -1 -1 2354 -1 -1 -1 -1 8366
-1 -1 4694 -1 -1 -1 -1 7108 -1 -1 -1 -1 -1 -1 6344 -1 8815 -1 -1 -1
-1 -1 -1 7841 -1 -1 -1 -1 -1 -1 -1 7624 -1 -1 -1 -1 -1 9654 -1 6439
7750 -1 -1 -1 -1 -1 9764 -1 -1 -1 -1 -1 -1 -1 -1 -1 -1 -1 -1 -1
2893 6092 -1 -1 -1 -1 -1 -1 -1 -1 5237 870 -1 -1 8721 -1 -1 -1 -1 -1
-1 -1 -1 -1 -1 -1 -1 -1 -1 -1 -1 -1 -1 -1 -1 -1 2516 -1 -1 -1
-1 -1 -1 -1 -1 -1 -1 -1 -1 -1 696 -1 7333 -1 -1 -1 -1 -1 8921 7876
-1 -1 4752 -1 9714 -1 1345 -1 -1 5380 -1 -1 -1 6352 9207 -1 8720 -1 -1 -1
7810 -1 -1 -1 -1 -1 -1 -1 -1 -1 4748 -1 -1 -1 -1 -1 -1 -1 -1 -1
902 9483 4580 1819 -1 -1 -1 -1 -1 -1 -1 -1 -1 4941 -1 -1 -1 -1 -1 -1
-1 -1 -1 -1 1038 -1 -1 -1 -1 693 -1 -1 -1 -1 -1 -1 -1 -1 -1 -1
-1 7583 -1 6132 942 -1 -1 -1 -1 -1 -1 -1 -1 -1 -1 -1 -1 -1 1086 -1
-1 -1 5672 -1 -1 -1 -1 -1 -1 -1 671 -1 -1 5038 -1 3689 -1 1514 -1 5996
-1 7707 -1 -1 -1 -1 -1 -1 -1 -1 -1 8686 -1 -1 -1 9210 453 7254 -1 -1
