50
-1 -1 -1 1778 -1 -1 -1 5620 -1 -1 2441 8482 -1 -1 -1 9542 -1 1512 9232 -1 -1 -1 -1 -1 -1 -1 -1 -1 -1 -1 -1 -1 -1 8838 -1 -1 -1 -1 6053 5184 5793 -1 -1 -1 -1 -1 -1 4397 -1 -1
-1 276 -1 -1 -1 -1 -1 3418 -1 -1 -1 -1 -1 1462 -1 1589 -1 -1 -1 4915 -1 -1 -1 -1 -1 -1 -1 -1 -1 2340 -1 -1 305 -1 -1 -1 -1 -1 -1 -1 -1 636 -1 -1 6396 -1 -1 -1 -1 1676
-1 -1 -1 -1 2310 -1 -1 -1 -1 -1 -1 -1 -1 -1 -1 -1 1717 7564 -1 -1 -1 -1 -1 -1 -1 -1 -1 7694 -1 -1 4750 -1 -1 -1 -1 -1 6859 -1 7905 -1 8783 -1 -1 -1 -1 -1 -1 -1 -1 -1
-1 -1 -1 1436 -1 -1 -1 -1 -1 -1 -1 -1 -1 -1 -1 4189 -1 -1 -1 9715 525 -1 -1 3739 -1 -1 -1 7627 -1 -1 3020 -1 -1 3779 -1 -1 -1 -1 -1 -1 -1 -1 -1 9470 6717 -1 -1 -1 -1 -1
7645 -1 7962 -1 6774 -1 -1 -1 -1 -1 9408 -1 -1 -1 -1 -1 -1 -1 -1 -1 -1 -1 -1 -1 -1 -1 -1 -1 -1 -1 -1 3000 -1 -1 -1 -1 -1 -1 8533 4062 -1 8565 -1 3698 -1 4369 -1 -1 -1 -1
-1 1208 8360 -1 -1 -1 -1 -1 -1 -1 -1 -1 -1 -1 -1 -1 -1 -1 -1 -1 -1 -1 -1 -1 -1 8159 -1 -1 -1 -1 -1 -1 -1 -1 -1 -1 -1 5704 -1 -1 -1 -1 5818 -1 -1 -1 -1 -1 -1 -1
-1 -1 1855 -1 -1 -1 -1 -1 -1 9374 3791 -1 -1 -1 -1 -1 -1 -1 9539 -1 1516 -1 -1 -1 -1 -1 -1 -1 -1 -1 -1 -1 -1 -1 4393 5406 -1 -1 -1 -1 -1 8156 -1 -1 -1 -1 -1 -1 -1 -1
-1 3006 -1 -1 -1 -1 5054 -1 -1 -1 -1 -1 -1 -1 -1 9774 -1 -1 -1 -1 2261 -1 -1 -1 5484 -1 -1 -1 -1 -1 -1 -1 -1 -1 -1 -1 216 -1 -1 -1 -1 4813 -1 -1 -1 -1 -1 -1 -1 -1
-1 -1 2512 9523 -1 -1 -1 -1 -1 -1 -1 4145 -1 4714 -1 -1 -1 -1 -1 -1 -1 -1 -1 -1 -1 -1 -1 -1 9844 -1 5408 -1 -1 -1 -1 -1 7 8418 -1 9751 -1 -1 8646 9332 -1 -1 -1 -1 -1 -1
-1 -1 -1 -1 -1 1651 9185 -1 -1 -1 9246 -1 -1 -1 8589 -1 -1 8391 -1 142 5985 -1 9952 -1 -1 -1 -1 -1 -1 -1 -1 3766 6257 -1 -1 -1 -1 -1 -1 1373 4168 -1 -1 -1 -1 5323 -1 -1 -1 -1
-1 -1 4389 5919 -1 -1 -1 -1 -1 -1 -1 -1 -1 -1 1818 -1 6657 7795 -1 -1 -1 -1 -1 9737 -1 -1 -1 -1 9708 -1 -1 -1 -1 -1 -1 -1 6665 -1 -1 -1 -1 -1 -1 -1 -1 -1 -1 -1 6240 -1
-1 -1 -1 -1 -1 -1 7832 -1 -1 2314 7654 -1 -1 -1 9156 -1 -1 -1 -1 -1 -1 -1 -1 -1 -1 -1 1990 -1 -1 1054 2056 -1 -1 4565 8439 -1 -1 -1 -1 7845 -1 -1 -1 9128 -1 -1 777 -1 -1 2972
-1 -1 2233 -1 -1 -1 -1 -1 -1 -1 -1 -1 -1 -1 -1 5106 8284 -1 -1 -1 852 -1 -1 4654 3836 -1 -1 -1 -1 8247 -1 4261 -1 7539 -1 -1 8910 -1 -1 -1 -1 -1 -1 2951 -1 -1 -1 -1 -1 -1
-1 -1 -1 -1 -1 -1 7083 -1 -1 -1 -1 -1 -1 -1 1449 8506 -1 -1 -1 -1 251 -1 -1 -1 -1 -1 -1 -1 -1 -1 3548 -1 -1 -1 8232 -1 -1 -1 -1 -1 -1 -1 -1 -1 -1 5864 -1 -1 -1 -1
-1 -1 5598 -1 5094 -1 3475 8233 -1 -1 7794 -1 6792 -1 -1 -1 -1 1805 55 -1 -1 -1 5201 6147 -1 -1 7297 -1 -1 -1 -1 -1 6248 3040 -1 -1 8899 -1 -1 -1 -1 -1 4149 9511 -1 -1 -1 -1 -1 -1
9606 -1 -1 -1 2462 -1 7964 -1 3323 -1 -1 2920 7377 -1 -1 -1 -1 -1 -1 -1 -1 636 -1 -1 4387 -1 -1 9674 -1 -1 -1 -1 -1 -1 -1 -1 -1 -1 5934 -1 -1 5542 -1 836 4855 -1 -1 -1 -1 4096
9139 -1 -1 -1 -1 -1 -1 9816 -1 -1 -1 -1 5520 520 3156 -1 -1 -1 -1 -1 176 -1 -1 -1 -1 8476 -1 -1 588 7911 -1 -1 -1 -1 -1 6622 -1 711 4856 -1 -1 -1 -1 -1 -1 5924 -1 -1 -1 -1
-1 -1 3293 -1 7276 -1 -1 -1 -1 -1 6224 -1 -1 -1 -1 -1 -1 -1 -1 4970 8919 -1 3363 -1 -1 3769 1359 3607 -1 -1 8400 -1 -1 -1 -1 -1 -1 -1 -1 6058 -1 -1 -1 -1 -1 -1 -1 7753 7743 -1
-1 -1 -1 -1 -1 -1 -1 -1 -1 -1 -1 -1 -1 1917 1992 -1 -1 -1 -1 -1 -1 -1 -1 3704 -1 -1 -1 -1 -1 7355 -1 -1 6314 -1 -1 -1 2504 -1 -1 3584 6779 -1 -1 -1 2173 -1 -1 -1 -1 -1
-1 -1 -1 9099 -1 -1 -1 -1 -1 -1 -1 -1 -1 198 -1 -1 -1 -1 -1 -1 -1 -1 -1 9291 -1 8828 -1 -1 -1 -1 9817 -1 -1 -1 8381 1948 -1 -1 3293 9407 -1 -1 -1 -1 6355 1116 5610 -1 -1 -1
-1 -1 -1 -1 -1 -1 -1 1386 -1 -1 -1 -1 -1 2594 -1 -1 4511 1052 -1 -1 -1 -1 4716 -1 -1 1189 -1 -1 -1 1034 -1 -1 -1 -1 -1 7398 -1 -1 -1 -1 -1 -1 -1 7590 3673 9325 -1 -1 -1 -1
-1 -1 -1 -1 6965 -1 -1 -1 6294 -1 -1 -1 -1 -1 -1 -1 915 933 -1 4935 5724 -1 -1 8436 -1 8727 -1 -1 -1 7030 -1 -1 -1 -1 -1 -1 -1 -1 -1 5241 7329 -1 -1 -1 -1 -1 -1 -1 -1 -1
4369 -1 -1 -1 -1 -1 -1 -1 -1 1628 -1 -1 -1 1715 -1 -1 -1 -1 -1 -1 -1 -1 -1 -1 -1 -1 -1 -1 299 -1 -1 -1 5905 4467 -1 -1 8671 -1 -1 -1 -1 6336 -1 -1 -1 -1 -1 -1 -1 -1
-1 -1 -1 8458 -1 -1 -1 6112 5208 -1 -1 -1 -1 -1 -1 -1 -1 -1 -1 -1 -1 -1 -1 -1 -1 4507 -1 -1 3436 -1 -1 -1 -1 -1 -1 9177 -1 -1 -1 -1 -1 3594 -1 -1 7223 -1 -1 -1 -1 -1
-1 5046 5519 8957 -1 6038 -1 -1 568 -1 3228 -1 -1 -1 -1 -1 1996 -1 -1 -1 -1 -1 -1 8927 -1 -1 -1 -1 -1 -1 4260 -1 8921 7300 -1 -1 -1 2001 -1 -1 6767 -1 5258 -1 -1 -1 9519 -1 -1 -1
-1 -1 -1 -1 -1 -1 -1 -1 -1 -1 -1 -1 -1 -1 -1 -1 7953 -1 -1 -1 -1 -1 -1 -1 -1 -1 -1 -1 -1 -1 -1 -1 -1 -1 -1 -1 -1 -1 -1 -1 -1 -1 -1 8577 -1 -1 7285 -1 -1 571
-1 -1 8467 -1 -1 -1 -1 -1 -1 5083 -1 7103 -1 -1 -1 -1 -1 -1 -1 -1 -1 -1 -1 -1 -1 -1 3844 -1 -1 3766 -1 -1 -1 -1 -1 -1 -1 -1 -1 -1 -1 -1 2677 8921 -1 -1 -1 -1 -1 -1
-1 5631 -1 -1 -1 -1 -1 -1 -1 -1 -1 -1 -1 -1 -1 -1 -1 -1 -1 -1 -1 -1 -1 -1 -1 -1 -1 -1 -1 -1 -1 -1 -1 -1 -1 -1 276 -1 -1 -1 -1 -1 -1 -1 -1 -1 5190 -1 -1 -1
-1 -1 -1 -1 -1 -1 -1 -1 -1 -1 -1 -1 -1 475 4122 -1 -1 -1 1317 -1 -1 -1 4753 -1 4406 -1 -1 -1 495 -1 -1 -1 -1 -1 -1 -1 -1 -1 -1 -1 -1 6609 -1 -1 -1 -1 -1 -1 -1 -1
4246 -1 -1 -1 -1 -1 -1 -1 -1 -1 -1 -1 3122 -1 -1 -1 -1 -1 -1 -1 8518 -1 -1 6820 989 -1 -1 -1 -1 -1 -1 8771 -1 -1 -1 -1 -1 -1 -1 2068 -1 -1 -1 -1 -1 -1 4991 -1 -1 3297
-1 -1 1271 1696 -1 -1 8946 -1 -1 -1 6756 384 2562 -1 -1 -1 8896 -1 -1 2247 -1 -1 -1 -1 6210 -1 -1 -1 -1 -1 -1 3083 9437 -1 -1 3930 -1 9627 -1 -1 -1 -1 9645 -1 -1 -1 -1 -1 -1 -1
9900 -1 9355 -1 -1 -1 -1 -1 -1 2254 -1 -1 -1 -1 -1 -1 -1 -1 -1 5433 -1 -1 -1 9049 -1 -1 3577 -1 -1 -1 -1 -1 -1 -1 -1 -1 -1 -1 -1 -1 -1 7682 7008 -1 7173 -1 -1 -1 -1 -1
9916 -1 -1 -1 8866 -1 -1 900 -1 -1 3901 -1 -1 -1 -1 -1 -1 -1 -1 -1 4478 -1 -1 -1 -1 9004 -1 -1 -1 -1 -1 -1 -1 -1 -1 -1 -1 -1 -1 -1 -1 8730 -1 -1 2311 -1 257 4113 -1 -1
-1 -1 -1 -1 -1 -1 -1 2731 -1 -1 -1 -1 -1 -1 -1 3978 -1 -1 -1 -1 -1 -1 -1 -1 -1 7418 -1 -1 -1 -1 -1 7335 -1 -1 -1 -1 -1 -1 -1 -1 -1 -1 -1 -1 -1 -1 -1 3314 -1 -1
6742 5972 -1 -1 -1 1998 -1 -1 -1 -1 -1 -1 6335 3549 -1 -1 -1 4658 8648 9459 1599 3666 8376 -1 -1 -1 -1 899 -1 -1 -1 -1 -1 -1 -1 -1 -1 -1 -1 -1 -1 -1 -1 -1 -1 3824 -1 -1 -1 -1
-1 -1 -1 -1 4452 -1 5426 -1 9183 7185 -1 -1 -1 8812 4137 -1 1773 -1 -1 3024 -1 -1 -1 -1 -1 -1 -1 -1 -1 -1 -1 -1 -1 -1 -1 -1 -1 -1 -1 -1 7535 -1 -1 -1 7702 -1 -1 -1 -1 9989
-1 -1 -1 -1 -1 -1 -1 -1 9770 -1 -1 -1 -1 -1 -1 -1 -1 -1 -1 -1 -1 -1 -1 1403 -1 -1 -1 -1 -1 -1 -1 -1 -1 -1 7484 -1 -1 -1 -1 -1 -1 -1 -1 -1 -1 2123 4023 -1 -1 -1
-1 -1 -1 -1 -1 -1 -1 -1 -1 3932 -1 -1 -1 -1 5319 -1 -1 -1 6170 133 8199 -1 -1 -1 -1 -1 -1 1243 -1 3775 -1 -1 8386 -1 -1 -1 -1 -1 -1 -1 5484 6479 -1 -1 -1 -1 -1 -1 -1 -1
-1 -1 -1 -1 -1 -1 9404 -1 -1 -1 -1 -1 -1 7876 5034 -1 -1 -1 6714 -1 4456 8737 -1 -1 -1 -1 3487 4584 -1 2293 -1 9550 -1 -1 -1 1871 -1 -1 6557 -1 -1 -1 -1 -1 -1 3410 -1 -1 -1 5964
1100 -1 -1 -1 -1 -1 408 6881 -1 4374 -1 -1 -1 -1 -1 -1 4234 -1 -1 -1 -1 -1 -1 -1 -1 -1 -1 2933 7273 -1 -1 -1 -1 -1 834 -1 -1 1588 -1 -1 -1 -1 -1 -1 -1 4150 9898 -1 -1 -1
7578 -1 -1 -1 -1 -1 -1 -1 -1 -1 -1 -1 -1 -1 -1 -1 -1 8178 -1 2145 -1 -1 6231 -1 -1 -1 8019 6355 -1 -1 -1 -1 -1 7223 -1 -1 4998 -1 -1 -1 -1 -1 -1 -1 -1 7551 -1 -1 5409 5117
-1 -1 -1 6088 -1 -1 2091 -1 -1 -1 -1 -1 -1 -1 -1 -1 7767 -1 -1 -1 -1 -1 -1 -1 29 8610 -1 -1 -1 -1 -1 -1 -1 -1 -1 -1 -1 -1 -1 -1 -1 -1 -1 -1 -1 -1 -1 -1 -1 -1
-1 -1 -1 -1 5607 -1 -1 5663 -1 -1 -1 3322 8592 -1 -1 971 2432 -1 -1 -1 -1 -1 -1 -1 -1 -1 -1 -1 1416 -1 -1 -1 2010 -1 3026 -1 -1 -1 -1 -1 -1 -1 -1 -1 -1 9478 -1 -1 3219 -1
-1 1006 1937 -1 -1 -1 -1 -1 -1 -1 -1 9762 -1 -1 -1 -1 -1 -1 -1 -1 -1 -1 1344 -1 7777 -1 -1 -1 -1 -1 -1 -1 2011 -1 -1 -1 -1 -1 -1 -1 -1 -1 -1 -1 -1 -1 -1 -1 9213 -1
-1 -1 -1 3925 -1 -1 -1 -1 -1 -1 -1 -1 -1 -1 -1 -1 -1 -1 -1 8558 -1 2828 -1 -1 -1 -1 8676 -1 -1 -1 480 -1 -1 -1 -1 -1 -1 -1 -1 58 -1 -1 -1 -1 791 -1 -1 -1 -1 -1
-1 -1 -1 -1 -1 -1 362 -1 -1 9633 -1 -1 -1 -1 -1 -1 -1 -1 -1 -1 -1 5103 -1 -1 7816 9320 1275 -1 -1 -1 -1 -1 9991 -1 -1 -1 -1 -1 -1 -1 -1 -1 -1 -1 2428 -1 -1 4961 -1 -1
-1 -1 -1 -1 -1 7243 -1 3709 -1 -1 -1 2405 -1 -1 5993 -1 -1 6017 -1 1223 -1 9345 -1 -1 -1 -1 9883 -1 -1 -1 -1 -1 9541 -1 -1 1516 -1 -1 -1 -1 -1 9089 -1 -1 -1 -1 -1 -1 -1 -1
-1 -1 -1 -1 7599 -1 -1 -1 -1 5073 -1 -1 -1 -1 -1 -1 -1 -1 -1 7134 -1 -1 -1 -1 -1 -1 -1 -1 1374 -1 -1 -1 -1 -1 -1 -1 -1 -1 -1 -1 -1 1330 -1 -1 -1 2790 9571 -1 7266 6440
-1 -1 -1 -1 -1 -1 -1 -1 -1 -1 -1 -1 1561 -1 -1 -1 -1 3687 -1 -1 -1 -1 -1 -1 -1 -1 8339 -1 -1 -1 -1 5786 6639 -1 -1 -1 -1 -1 -1 6687 -1 -1 -1 2852 -1 -1 6901 -1 1328 -1
-1 -1 -1 -1 1712 -1 -1 -1 -1 -1 -1 -1 -1 -1 -1 -1 -1 -1 -1 -1 607 -1 -1 -1 -1 9205 -1 -1 -1 1830 3755 -1 18 -1 -1 -1 3537 -1 -1 -1 -1 -1 -1 4512 -1 -1 -1 -1 4433 -1
